
power = 2011.07808111215
throughput = 5879.05
composite = 3438.49219757183
